INSERT INTO MOVIE_GENRE VALUES
(1, 1), (1, 2),
(2, 2), (2, 3),
(3, 3), (3, 5),
(4, 4), (4, 11),
(5, 1), (5, 3),
(6, 6), (6, 2),
(7, 7), (7, 3),
(8, 8), (8, 2),
(9, 4), (9, 7),
(10, 9), (10, 20),
(11, 8), (11, 2),
(12, 3), (12, 23),
(13, 5), (13, 24),
(14, 11), (14, 6),
(15, 8), (15, 22),
(16, 14), (16, 10),
(17, 4), (17, 1),
(18, 3), (18, 5),
(19, 6), (19, 9),
(20, 7), (20, 3),
(21, 17), (21, 14),
(22, 1), (22, 22),
(23, 3), (23, 23),
(24, 9), (24, 2);

INSERT INTO RATING (user_id, movie_id, rating_value) VALUES
(1, 1, 9),  (2, 2, 8),  (3, 3, 10),
(4, 4, 8),  (5, 5, 9),  (6, 6, 7),
(7, 7, 10), (8, 8, 9),  (9, 9, 8),
(10, 10, 8),(11, 11, 7), (12, 12, 9),
(13, 13, 10),(14, 14, 8),(15, 15, 8),
(16, 16, 7),(17, 17, 8), (18, 18, 8),
(19, 19, 9),(20, 20, 8), (21, 21, 7),
(22, 22, 10),(23, 23, 9),(24, 24, 10);

